object Form1: TForm1
  Left = 0
  Top = 0
  Caption = 'FMXTest'
  ClientHeight = 480
  ClientWidth = 640
  FormFactor.Width = 320
  FormFactor.Height = 480
  FormFactor.Devices = [Desktop]
  OnCreate = FormCreate
  DesignerMasterStyle = 0
  object Layout1: TLayout
    Position.X = 192.000000000000000000
    Position.Y = 80.000000000000000000
    Size.Width = 321.000000000000000000
    Size.Height = 297.000000000000000000
    Size.PlatformDefault = False
    TabOrder = 1
  end
end
